-2.11207 0.0026708
-1.14879 0.0343978
-0.943174 0.0635202
-0.826432 0.0898234
-0.752658 0.111342
-0.662535 0.14359
-0.612793 0.164359
-0.55924 0.189056
-0.507045 0.215281
-0.425827 0.259428
-0.413233 0.266523
-0.354032 0.300171
-0.302319 0.329145
-0.273467 0.344714
-0.256488 0.353568
-0.234446 0.364634
-0.197614 0.3818
-0.170823 0.39303
-0.148861 0.401316
-0.120702 0.410589
-0.109988 0.413689
-0.0909942 0.418568
-0.0722203 0.422586
-0.0464736 0.42674
-0.0322251 0.428346
-0.0159928 0.429562
0.00811133 0.430152
0.0233974 0.429772
0.0363723 0.428994
0.050887 0.427632
0.0849916 0.422445
0.106134 0.417886
0.120158 0.414324
0.135696 0.409903
0.156604 0.403209
0.184399 0.3931
0.194232 0.389223
0.218763 0.378941
0.239921 0.369454
0.283433 0.348533
0.344984 0.316934
0.371797 0.302885
0.401338 0.287466
0.424455 0.275555
0.453957 0.260685
0.52064 0.229095
0.574651 0.206201
0.612213 0.191944
0.703633 0.16345
0.767648 0.148863
0.838373 0.137794
0.953493 0.130483
1.009 0.131379
1.09503 0.138001
1.16143 0.147151
1.25288 0.164939
1.32016 0.181386
1.35646 0.191262
1.4468 0.218208
1.48807 0.231294
1.51785 0.240896
1.55315 0.252327
1.5867 0.263123
1.61372 0.271689
1.65053 0.283042
1.6718 0.289372
1.70778 0.299594
1.74358 0.309017
1.77483 0.316515
1.80139 0.322277
1.82832 0.32749
1.85583 0.332104
1.88008 0.335539
1.92262 0.340037
1.94051 0.341324
1.96729 0.342559
1.98722 0.342933
2.01484 0.342674
2.04721 0.341222
2.07082 0.339389
2.08672 0.337794
2.11679 0.333999
2.14759 0.329095
2.17009 0.324896
2.20665 0.31703
2.24429 0.307705
2.27993 0.297861
2.3121 0.288246
2.34328 0.278371
2.38191 0.265525
2.43439 0.247301
2.47943 0.231255
2.53091 0.212807
2.57738 0.196323
2.66583 0.166166
2.73583 0.144009
2.80732 0.123339
2.89384 0.10121
3.08178 0.0639559
3.30222 0.0361499
