-2.11207 0.00308431
-1.14879 0.0462647
-0.943174 0.0462647
-0.826432 0.0462647
-0.752658 0.215902
-0.662535 0.215902
-0.612793 0.215902
-0.55924 0.215902
-0.507045 0.215902
-0.425827 0.215902
-0.413233 0.215902
-0.354032 0.215902
-0.302319 0.215902
-0.273467 0.215902
-0.256488 0.215902
-0.234446 0.215902
-0.197614 0.215902
-0.170823 0.215902
-0.148861 0.422551
-0.120702 0.422551
-0.109988 0.422551
-0.0909942 0.422551
-0.0722203 0.422551
-0.0464736 0.422551
-0.0322251 0.422551
-0.0159928 0.422551
0.00811133 0.422551
0.0233974 0.422551
0.0363723 0.422551
0.050887 0.422551
0.0849916 0.422551
0.106134 0.422551
0.120158 0.422551
0.135696 0.422551
0.156604 0.422551
0.184399 0.422551
0.194232 0.422551
0.218763 0.422551
0.239921 0.422551
0.283433 0.422551
0.344984 0.422551
0.371797 0.422551
0.401338 0.422551
0.424455 0.422551
0.453957 0.422551
0.52064 0.134168
0.574651 0.134168
0.612213 0.134168
0.703633 0.134168
0.767648 0.134168
0.838373 0.134168
0.953493 0.134168
1.009 0.134168
1.09503 0.134168
1.16143 0.229781
1.25288 0.229781
1.32016 0.229781
1.35646 0.229781
1.4468 0.229781
1.48807 0.229781
1.51785 0.229781
1.55315 0.229781
1.5867 0.229781
1.61372 0.229781
1.65053 0.229781
1.6718 0.229781
1.70778 0.229781
1.74358 0.229781
1.77483 0.229781
1.80139 0.334648
1.82832 0.334648
1.85583 0.334648
1.88008 0.334648
1.92262 0.334648
1.94051 0.334648
1.96729 0.334648
1.98722 0.334648
2.01484 0.334648
2.04721 0.334648
2.07082 0.334648
2.08672 0.334648
2.11679 0.334648
2.14759 0.334648
2.17009 0.334648
2.20665 0.334648
2.24429 0.334648
2.27993 0.334648
2.3121 0.334648
2.34328 0.334648
2.38191 0.334648
2.43439 0.124915
2.47943 0.124915
2.53091 0.124915
2.57738 0.124915
2.66583 0.124915
2.73583 0.124915
2.80732 0.124915
2.89384 0.124915
3.08178 0.029301
3.30222 0.029301
