-2.00788 0.0066635
-1.18505 0.0610697
-1.03594 0.0952615
-0.936887 0.128204
-0.841525 0.170306
-0.777713 0.205365
-0.709036 0.250135
-0.676375 0.274162
-0.618937 0.320829
-0.585761 0.350331
-0.54801 0.386076
-0.530833 0.403065
-0.51027 0.423954
-0.482914 0.452597
-0.465588 0.471185
-0.441362 0.49766
-0.42282 0.518232
-0.40738 0.535513
-0.394814 0.549645
-0.377272 0.569429
-0.359986 0.58892
-0.348395 0.601952
-0.334126 0.617911
-0.320905 0.63258
-0.30286 0.652349
-0.28995 0.666263
-0.279732 0.677112
-0.264417 0.693058
-0.255195 0.702454
-0.24876 0.708909
-0.237037 0.720439
-0.227121 0.72994
-0.20831 0.747266
-0.193673 0.760051
-0.18041 0.77106
-0.170109 0.779206
-0.160782 0.78626
-0.15412 0.791104
-0.139729 0.800989
-0.131314 0.806388
-0.114894 0.816079
-0.103606 0.822068
-0.0935532 0.826924
-0.0847764 0.830785
-0.0719398 0.835783
-0.0615068 0.839265
-0.0459893 0.843463
-0.0325286 0.846138
-0.0222155 0.847571
-0.01088 0.848525
-0.00339363 0.848797
0.00624245 0.848727
0.0165569 0.848129
0.0254138 0.847184
0.0413168 0.844494
0.0528766 0.841746
0.0646761 0.838263
0.0704071 0.836327
0.0790908 0.833094
0.0844149 0.830936
0.0974507 0.825096
0.101754 0.822997
0.114341 0.816386
0.124509 0.810543
0.136155 0.803317
0.15204 0.792582
0.155857 0.789856
0.162028 0.785336
0.177648 0.77328
0.188375 0.764517
0.196319 0.757788
0.209992 0.745756
0.226975 0.730078
0.239507 0.718035
0.249452 0.708219
0.255971 0.70167
0.277475 0.679487
0.296992 0.6587
0.30852 0.646185
0.321261 0.632188
0.335768 0.61608
0.346562 0.604007
0.364471 0.583867
0.377079 0.569647
0.39577 0.548569
0.416794 0.524962
0.444527 0.494172
0.466954 0.469708
0.499905 0.434699
0.513881 0.420244
0.555366 0.378936
0.601333 0.336255
0.650963 0.294113
0.703426 0.254134
0.749237 0.223004
0.803142 0.190674
0.896039 0.144849
0.975736 0.114114
1.14065 0.0696668
1.32512 0.0405512
