-2.00788 0
-1.18505 0.0214586
-1.03594 0.102524
-0.936887 0.102524
-0.841525 0.102524
-0.777713 0.102524
-0.709036 0.407714
-0.676375 0.407714
-0.618937 0.407714
-0.585761 0.407714
-0.54801 0.407714
-0.530833 0.407714
-0.51027 0.407714
-0.482914 0.407714
-0.465588 0.407714
-0.441362 0.407714
-0.42282 0.407714
-0.40738 0.407714
-0.394814 0.407714
-0.377272 0.407714
-0.359986 0.407714
-0.348395 0.407714
-0.334126 0.407714
-0.320905 0.879803
-0.30286 0.879803
-0.28995 0.879803
-0.279732 0.879803
-0.264417 0.879803
-0.255195 0.879803
-0.24876 0.879803
-0.237037 0.879803
-0.227121 0.879803
-0.20831 0.879803
-0.193673 0.879803
-0.18041 0.879803
-0.170109 0.879803
-0.160782 0.879803
-0.15412 0.879803
-0.139729 0.879803
-0.131314 0.879803
-0.114894 0.879803
-0.103606 0.879803
-0.0935532 0.879803
-0.0847764 0.879803
-0.0719398 0.879803
-0.0615068 0.879803
-0.0459893 0.879803
-0.0325286 0.879803
-0.0222155 0.879803
-0.01088 0.879803
-0.00339363 0.879803
0.00624245 0.879803
0.0165569 0.879803
0.0254138 0.879803
0.0413168 0.879803
0.0528766 0.879803
0.0646761 0.879803
0.0704071 0.879803
0.0790908 0.879803
0.0844149 0.879803
0.0974507 0.696213
0.101754 0.696213
0.114341 0.696213
0.124509 0.696213
0.136155 0.696213
0.15204 0.696213
0.155857 0.696213
0.162028 0.696213
0.177648 0.696213
0.188375 0.696213
0.196319 0.696213
0.209992 0.696213
0.226975 0.696213
0.239507 0.696213
0.249452 0.696213
0.255971 0.696213
0.277475 0.696213
0.296992 0.696213
0.30852 0.696213
0.321261 0.696213
0.335768 0.696213
0.346562 0.696213
0.364471 0.696213
0.377079 0.696213
0.39577 0.696213
0.416794 0.696213
0.444527 0.696213
0.466954 0.696213
0.499905 0.696213
0.513881 0.185975
0.555366 0.185975
0.601333 0.185975
0.650963 0.185975
0.703426 0.185975
0.749237 0.185975
0.803142 0.185975
0.896039 0.185975
0.975736 0.0643758
1.14065 0.0643758
1.32512 0.0643758
